A <- c(1,2,3,4,5)
B <- c(6,7,8,9,10)
